
====================================================================================================
SCENARIO: PHASED (rollout plan -- trust this one)
====================================================================================================
 Mo  HC  Closes   NewRev  MaintRev       GP    Comm     OH   Mktg    NetCF    CumCash
  1   0     0.0        0         0        0       0   3500   3000    -6500    -106500
  2   0     0.0        0         0        0       0   3500   3000    -6500    -113000
  3   0     4.0    30000         0    16500       0   3500   5000     8000    -105000
  4   0     6.0    45000       100    24750       0   3500   5000    16350     -88650
  5   0     9.0    67500       250    37125       0   3500   5000    28875     -59775
  6   0    11.0    82500       475    45375       0   3500   5000    37350     -22424
  7   1     8.0    60000       751    33000       0  10000   6500    17251      -5173
  8   1     8.5    63750       951    35062    1125  10000   6500    18388      13215
  9   1     9.0    67500      1151    37125    2250  10000   6500    19526      32741
 10   1     9.5    71250      1376    39188    3375  10000   6500    20689      53430
 11   1     9.4    70500      1627    38775    4050  10000   6500    19852      73282
 12   1     9.0    67500      1852    37125    4500  10000   6500    17977      91259
 13   1     8.0    60000      2077    33000    4500  10000   6500    14077     105336
 14   1     8.0    60000      2277    33000    4500  10000   6500    14277     119613
 15   1     8.0    60000      2477    33000    4500  10000   6500    14477     134090
 16   1     8.0    60000      2678    33000    4500  10000   6500    14678     148768
 17   1     8.0    60000      2878    33000    4500  10000   6500    14878     163646
 18   1     8.0    60000      3078    33000    4500  10000   6500    15078     178724
 19   1     8.0    60000      3278    33000    4500  10000   6500    15278     194002
 20   1     8.0    60000      3478    33000    4500  10000   6500    15478     209481
 21   1     8.0    60000      3679    33000    4500  10000   6500    15679     225159
 22   1     8.0    60000      3879    33000    4500  10000   6500    15879     241038
 23   1     8.0    60000      4079    33000    4500  10000   6500    16079     257117
 24   1     8.0    60000      4279    33000    4500  10000   6500    16279     273397

Monthly cash-flow breakeven: month 3
Cash trough: month 2, cumulative cash position $-113,000
=> Funding ask (trough + 25% buffer): $141,250

====================================================================================================
SCENARIO: BASE (aggressive multi-rep, research midpoints)
====================================================================================================
 Mo  HC  Closes   NewRev  MaintRev       GP    Comm     OH   Mktg    NetCF    CumCash
  1   2     0.0        0         0        0       0   6000   5200   -11200     -36200
  2   2     3.0    22500         0    12375    2250   6000   5200    -1075     -37275
  3   3     6.0    45000         0    24750    4500   6000   5800     8450     -28825
  4   4    10.5    78750         0    43312    7875   6000   6400    23038      -5787
  5   4    15.3   114750         0    63113   11475   6000   6400    39238      33450
  6   5    19.5   146250         0    80438   14625   8500   7000    50312      83763
  7   6    23.4   175500         0    96525   17550   8500   7600    62875     146638
  8   6    27.9   209250         0   115088   20925   8500   7600    78063     224700
  9   7    31.5   236250         0   129938   23625   8500   8200    89613     314313
 10   8    35.4   265500         0   146025   26550   8500   8800   102175     416488
 11   8    39.9   299250         0   164588   29925   8500   8800   117362     533850
 12   8    43.5   326250         0   179438   32625   8500   8800   129512     663362
 13   8    45.9   344250         0   189338   34425   8500   8800   137613     800975
 14   8    47.4   355500        57   195525   35550   8500   8800   142732     943707
 15   8    48.0   360000       171   198000   36000   8500   8800   144871    1088578
 16   8    48.0   360000       360   198000   36000   8500   8800   145060    1233638
 17   8    48.0   360000       645   198000   36000   8500   8800   145345    1378982
 18   8    48.0   360000      1024   198000   36000   8500   8800   145724    1524706
 19   8    48.0   360000      1460   198000   36000   8500   8800   146160    1670866
 20   8    48.0   360000      1991   198000   36000   8500   8800   146691    1817556
 21   8    48.0   360000      2597   198000   36000   8500   8800   147297    1964854
 22   8    48.0   360000      3261   198000   36000   8500   8800   147961    2112815
 23   8    48.0   360000      4019   198000   36000   8500   8800   148719    2261534
 24   8    48.0   360000      4853   198000   36000   8500   8800   149553    2411087

Monthly cash-flow breakeven: month 3
Cash trough: month 2, cumulative cash position $-37,275
=> Funding ask (trough + 25% buffer): $46,594

====================================================================================================
SCENARIO: CONSERVATIVE (aggressive multi-rep, unproven brand/channel)
====================================================================================================
 Mo  HC  Closes   NewRev  MaintRev       GP    Comm     OH   Mktg    NetCF    CumCash
  1   1     0.0        0         0        0       0   8000   5900   -13900     -48900
  2   1     0.8     4875         0     2438     488   8000   5900   -11950     -60850
  3   2     1.5     9750         0     4875     975   8000   6800   -10900     -71750
  4   2     3.0    19500         0     9750    1950   8000   6800    -7000     -78750
  5   3     4.2    27300         0    13650    2730   8000   7700    -4780     -83530
  6   3     6.0    39000         0    19500    3900   8000   7700     -100     -83630
  7   4     7.2    46800         0    23400    4680  11000   8600     -880     -84510
  8   4     9.0    58500         0    29250    5850  11000   8600     3800     -80710
  9   4    10.2    66300         0    33150    6630  11000   8600     6920     -73790
 10   5    11.2    73125         0    36562    7312  11000   9500     8750     -65040
 11   5    12.4    80925         0    40462    8092  11000   9500    11870     -53170
 12   5    13.5    87750         0    43875    8775  11000   9500    14600     -38570
 13   6    14.2    92625         0    46312    9262  11000  10400    15650     -22920
 14   6    15.4   100425        19    50212   10042  11000  10400    18789      -4131
 15   6    16.5   107250        57    53625   10725  11000  10400    21557      17426
 16   6    17.2   112125       114    56062   11212  11000  10400    23564      40990
 17   6    17.7   115050       190    57525   11505  11000  10400    24810      65799
 18   6    18.0   117000       303    58500   11700  11000  10400    25703      91502
 19   6    18.0   117000       436    58500   11700  11000  10400    25836     117339
 20   6    18.0   117000       607    58500   11700  11000  10400    26007     143345
 21   6    18.0   117000       796    58500   11700  11000  10400    26196     169541
 22   6    18.0   117000      1005    58500   11700  11000  10400    26405     195946
 23   6    18.0   117000      1232    58500   11700  11000  10400    26632     222579
 24   6    18.0   117000      1498    58500   11700  11000  10400    26898     249476

Monthly cash-flow breakeven: month 8
Cash trough: month 7, cumulative cash position $-84,510
=> Funding ask (trough + 25% buffer): $105,638

====================================================================================================
SUMMARY
====================================================================================================
PHASED (rollout plan): breakeven month 3, funding ask $141,250
BASE (aggressive multi-rep, research midpoints): breakeven month 3, funding ask $46,594
CONSERVATIVE (aggressive multi-rep, unproven brand/channel): breakeven month 8, funding ask $105,638
